4.800000000000000000e+01
5.700000000000000000e+01
5.600000000000000000e+01
5.500000000000000000e+01
5.400000000000000000e+01
5.300000000000000000e+01
5.200000000000000000e+01
5.100000000000000000e+01
4.900000000000000000e+01
4.800000000000000000e+01
5.700000000000000000e+01
5.600000000000000000e+01
5.500000000000000000e+01
5.400000000000000000e+01
5.000000000000000000e+01
5.300000000000000000e+01
5.200000000000000000e+01
5.100000000000000000e+01
4.900000000000000000e+01
4.800000000000000000e+01
5.700000000000000000e+01
5.600000000000000000e+01
5.500000000000000000e+01
5.400000000000000000e+01
5.300000000000000000e+01
5.200000000000000000e+01
5.100000000000000000e+01
4.900000000000000000e+01
5.000000000000000000e+01
5.000000000000000000e+01
3.627000000000000000e+03
3.621000000000000000e+03
3.619000000000000000e+03
3.629000000000000000e+03
3.625000000000000000e+03
3.623000000000000000e+03
3.618000000000000000e+03
3.617000000000000000e+03
3.616000000000000000e+03
3.614000000000000000e+03
3.630000000000000000e+03
3.626000000000000000e+03
3.624000000000000000e+03
3.628000000000000000e+03
3.615000000000000000e+03
3.600000000000000000e+03
3.608000000000000000e+03
3.607000000000000000e+03
3.606000000000000000e+03
3.604000000000000000e+03
3.603000000000000000e+03
3.600000000000000000e+03
3.612000000000000000e+03
3.610000000000000000e+03
3.609000000000000000e+03
3.605000000000000000e+03
3.602000000000000000e+03
3.601000000000000000e+03
3.613000000000000000e+03
3.611000000000000000e+03
3.597000000000000000e+03
3.599000000000000000e+03
3.598000000000000000e+03
3.596000000000000000e+03
3.593000000000000000e+03
3.592000000000000000e+03
3.591000000000000000e+03
3.589000000000000000e+03
3.588000000000000000e+03
3.597000000000000000e+03
3.590000000000000000e+03
3.587000000000000000e+03
3.586000000000000000e+03
3.585000000000000000e+03
3.594000000000000000e+03
3.595000000000000000e+03
